0.17580510302832342 1.0055408347085881
0.2451581685262062 0.995312838989145
0.28356251538782185 0.9702891326021934
0.3300294714877374 0.9369271159626255
0.37729354723116715 0.8943053480146357
0.4403793509447208 0.8192664061604915
0.4887659759108981 0.7553476489845865
0.5605652480212177 0.6478959210388394
0.6529141182808542 0.5219129896374447
0.7161571520158352 0.4477998766536576
0.7945600850260957 0.3792329612629106
0.888122917311635 0.3162122434652035
0.9894119597198625 0.2707793489945811
1.126545790501357 0.24106506885212342
1.2941566498548365 0.22336901276610255
1.4590726597712973 0.21771165720442598
1.6435729486357555 0.21574591628537365
1.8334409973014942 0.21748056563804918
1.9091052027292208 0.21650793341247643
