0.05661682313140359 1.0002144576633767
0.16488845520783624 0.9977776824632608
0.2356192733102076 0.9863068781934088
0.299059871218173 0.9646198469844574
0.3665175292332601 0.9281540020480707
0.40834079467287154 0.8974088152822531
0.5321338001361804 0.7813121592133694
0.6534256931003608 0.6584011108906964
0.7687583437434655 0.5514081826321461
0.8209841462172347 0.510419961719307
0.8737688789761793 0.4773854393969451
0.9329390886621594 0.4488866966549967
0.9859369387240839 0.4260791241549031
1.045493172204142 0.4066707056193274
1.1200681439225377 0.38155771323793564
1.197144228140062 0.3632591131103333
1.2920859760772474 0.3437970801589133
1.4480476310470356 0.31856077462108034
