0  0.9659942097189058
0.7988165680473372  0.4788216431941127
0.8668639053254438  0.39689723981221936
0.923076923076923  0.3980229996424327
0.9911242603550293  0.34533836234241067
1.0621301775147929  0.2552245175726957
1.174556213017751  0.2843766220284438
1.2958579881656802  0.23866800465990745
1.3994082840236683  0.1801077315247357
1.642011834319526  0.19395365468239922
1.701183431952662  0.2102817859902879
1.7337278106508869  0.20440845704003618
1.7988165680473363  0.18330507399333307
1.9349112426035497  0.19138609179094979
1.9852071005917153  0.18432933088803516
2.0295857988165675  0.15856373346251873
2.1272189349112423  0.14328292789831254
2.1597633136094667  0.1479359147375341
2.198224852071005  0.17129773809935722
2.248520710059171  0.1689193397695421