-1.4859374999999997 0
-1.0078124999999993 0
-0.7781381302521002 -0.00003921568627451161
-0.6421874999999995 0
-0.5296743697478989  0.00003921568627451161
-0.4358324579831927  0.000313725490196079
-0.3278492647058817  0.0008235294117647056
-0.24325105042016748  0.0014901960784313734
-0.16330094537815087  0.002274509803921569
-0.09276523109243628  0.002941176470588237
-0.03152573529411695  0.0038431372549019623
0.04378939075630317  0.004784313725490196
0.13316701680672338  0.005725490196078433
0.2179884453781522  0.007058823529411765
0.3121717436974798  0.00835294117647059
0.38278623949579904  0.009254901960784316
0.4298581932773118  0.009843137254901962
0.48157825630252127  0.010313725490196081
0.5238839285714292  0.010666666666666668
0.5661370798319334  0.010862745098039217
0.594288340336135  0.010941176470588237
0.6457983193277315  0.0107843137254902
0.6738445378151265  0.01054901960784314
0.7065388655462193  0.01019607843137255
0.7438550420168077  0.009647058823529415
0.776404936974791  0.008862745098039217
0.8089548319327737  0.008078431372549022
0.8554096638655473  0.0068235294117647075
0.8785976890756313  0.006078431372549022
0.9110819327731101  0.0050980392156862765
0.938931197478992  0.004274509803921569
0.966832983193278  0.003607843137254903
0.9947478991596643  0.002980392156862747
1.022662815126051  0.002352941176470589
1.0692358193277323  0.0014509803921568636
1.11123949579832  0.0009019607843137271
1.153295693277312  0.0005098039215686266
1.2000656512605055  0.0001960784313725511
1.2281512605042026  0.00007843137254902321
1.2656250000000004  0
1.350000000000001  0
1.481250000000001  0
