-1.8827433358905972  -0.00006400467614072142
-1.384929188129421  -0.000053093681121298294
-1.3404814963650304  -0.00005211948513742122
-1.2783277925936747  -0.00007267502039722722
-1.2162471535211092  -0.00011514996529426687
-1.1720917205518817  -0.00020185340785932508
-1.1281189493296306  -0.0003433553745174673
-1.0755488985496653  -0.0005723401405277693
-1.0323433066647176  -0.0009439959083768666
-0.9896491676713057  -0.0014690875436866
-0.930052728357627  -0.002256822416249588
-0.8840828553684283  -0.0031325271861566742
-0.7874791461172199  -0.0048180810774607575
-0.7069740254995796  -0.005999878225502016
-0.6427136229130892  -0.006721757449554915
-0.5992157722329785  -0.007005735578855077
-0.5464630597060358  -0.0071799218207722944
-0.4977532605121837  -0.007233648729283113
-0.4486781378243765  -0.007177778589607764
-0.39923769164261547  -0.007012311401746245
-0.34943192196690065  -0.006737247165698559
-0.29485259197018987  -0.006363448166684932
-0.24020019727468656  -0.005967729758034072
-0.20332687928493964  -0.005572401027776763
-0.1573448288459427  -0.005111119229410976
-0.0837077899146359  -0.004353340883352207
-0.0058451759032620565  -0.003661223346606752
0.07227316455387944  -0.0028923878761309796
0.191490398080834  -0.0017938844847112103
0.24614279277633688  -0.00139816607606035
0.29161339032379896  -0.0010903201451552002
0.34604659092293044  -0.0007603599654160407
0.4001875327268971  -0.0005180774242258168
0.43618407433115447  -0.00038578160961531263
0.4721075512366202  -0.0002754052046420421
0.5079944957926914  -0.00017598850448738857
0.5527709787016404  -0.0000763769651359594
0.6152169412681605  -0.000009254861846829895
0.695222786444063  -0.000007501309075851536
0.8285658617372356  -0.000004578721124220107
1.8775313873768553  0.000018412304095278783
